{"config": {"n_layers": 12, "n_heads": 12, "k_directions": 4}, "direction_similarity": [[1.0, 0.005095572676509619, -0.005609508138149977, 0.008905615657567978, -0.0026463991962373257, -0.018001055344939232, 0.004752146080136299, -0.032086823135614395, -0.007213870994746685, 0.02461649477481842, -0.0009859208948910236, -0.02349201962351799], [0.005095572676509619, 0.9999996423721313, 0.01902058534324169, 0.013081420212984085, -0.012914184480905533, -0.011723057366907597, -0.010947280563414097, 0.014704607427120209, 0.0024274582974612713, 0.000722905620932579, -5.0327274948358536e-05, -0.001199902966618538], [-0.005609508138149977, 0.01902058534324169, 0.9999997019767761, 0.003332350868731737, -0.004488524980843067, 0.009655123576521873, -0.007738118059933186, -0.012644249945878983, -0.01766851358115673, -0.023658176884055138, -0.004556731320917606, -0.006686760112643242], [0.008905615657567978, 0.013081420212984085, 0.003332350868731737, 1.000000238418579, -0.005677856504917145, -0.027670376002788544, -0.0015695327892899513, -0.005873854272067547, 0.014452367089688778, 0.02611871063709259, 0.0027227974496781826, 0.008378586731851101], [-0.0026463991962373257, -0.012914184480905533, -0.004488524980843067, -0.005677856504917145, 1.0000003576278687, -0.003519069869071245, -0.012514946982264519, 0.0005472968332469463, 0.0075350571423769, 0.0014985003508627415, 0.005717954598367214, 0.004261021502315998], [-0.018001055344939232, -0.011723057366907597, 0.009655123576521873, -0.027670376002788544, -0.003519069869071245, 0.9999997615814209, -0.01428851205855608, -0.02364528179168701, 0.002672324888408184, 0.006904231384396553, -0.0010219588875770569, -0.028132569044828415], [0.004752146080136299, -0.010947280563414097, -0.007738118059933186, -0.0015695327892899513, -0.012514946982264519, -0.01428851205855608, 1.0000001192092896, 0.0036177518777549267, 0.030611764639616013, 0.01597982458770275, -0.0046545518562197685, 0.025794435292482376], [-0.032086823135614395, 0.014704607427120209, -0.012644249945878983, -0.005873854272067547, 0.0005472968332469463, -0.02364528179168701, 0.0036177518777549267, 0.9999996423721313, -0.0022050533443689346, 0.008308435790240765, -0.00412791408598423, 0.005689012352377176], [-0.007213870994746685, 0.0024274582974612713, -0.01766851358115673, 0.014452367089688778, 0.0075350571423769, 0.002672324888408184, 0.030611764639616013, -0.0022050533443689346, 0.9999996423721313, 0.010878781788051128, -0.0060322340577840805, 0.023222042247653008], [0.02461649477481842, 0.000722905620932579, -0.023658176884055138, 0.02611871063709259, 0.0014985003508627415, 0.006904231384396553, 0.01597982458770275, 0.008308435790240765, 0.010878781788051128, 0.9999998807907104, 0.0025257840752601624, 0.0009780917316675186], [-0.0009859208948910236, -5.0327274948358536e-05, -0.004556731320917606, 0.0027227974496781826, 0.005717954598367214, -0.0010219588875770569, -0.0046545518562197685, -0.00412791408598423, -0.0060322340577840805, 0.0025257840752601624, 0.9999998807907104, -0.018709443509578705], [-0.02349201962351799, -0.001199902966618538, -0.006686760112643242, 0.008378586731851101, 0.004261021502315998, -0.028132569044828415, 0.025794435292482376, 0.005689012352377176, 0.023222042247653008, 0.0009780917316675186, -0.018709443509578705, 1.0000003576278687]], "prompts": [{"text": "def quicksort(arr):\n    if len(arr) <= 1:\n        return arr\n    pivot = arr[len(arr) // 2]\n    left = [x for x in arr if x < pivot]\n    return quicksort(left) + [pivot] + quicksort(right)", "words": ["+", "//", "1:", "2]", "<", "<=", "=", "[pivot]", "[x", "arr", "arr[len(arr)", "def", "for", "if", "in", "left", "len(arr)", "pivot", "pivot]", "quicksort(arr):", "quicksort(left)", "quicksort(right)", "return", "x"], "heatmap": [[0.6419298648834229, 0.5735981464385986, 0.5128414034843445, 0.611714780330658, 0.6262600421905518, 0.5878154039382935, 0.6283481121063232, 0.5910959243774414, 0.6577194929122925, 0.517045259475708, 0.650609016418457, 0.4490554630756378], [0.6539095640182495, 0.7213859558105469, 0.7082782983779907, 0.6885676383972168, 0.742713212966919, 0.7268961071968079, 0.471824586391449, 0.7655119299888611, 0.7344043850898743, 0.5064843893051147, 0.6983008980751038, 0.5244154930114746], [0.5034397840499878, 0.4907328486442566, 0.5442461371421814, 0.6649370193481445, 0.7426797151565552, 0.7528451681137085, 0.6784313917160034, 0.7147154808044434, 0.5628757476806641, 0.6645269393920898, 0.6888761520385742, 0.6490970849990845], [0.5304951071739197, 0.6811968088150024, 0.7340168952941895, 0.6266579627990723, 0.6741981506347656, 0.6153440475463867, 0.6642074584960938, 0.6307522654533386, 0.7230778336524963, 0.6357329487800598, 0.7517933249473572, 0.4926653504371643], [0.6458556652069092, 0.6777488589286804, 0.6828373074531555, 0.5885219573974609, 0.9068706631660461, 0.6449931859970093, 0.6199607253074646, 0.6506431102752686, 0.6241022348403931, 0.6375301480293274, 0.6085563898086548, 0.7169280648231506], [0.6358510255813599, 0.5948235988616943, 0.6193252801895142, 0.6464787721633911, 0.6581708192825317, 0.6628671884536743, 0.6205712556838989, 0.5631191730499268, 0.6976768970489502, 0.6588502526283264, 0.7388993501663208, 0.606955885887146], [0.5604985952377319, 0.6218630075454712, 0.6765233278274536, 0.715474009513855, 0.6599903106689453, 0.6878972053527832, 0.5322458744049072, 0.6453938484191895, 0.6338388919830322, 0.6476699709892273, 0.6748965978622437, 0.6557741165161133], [0.46675628423690796, 0.5232728123664856, 0.6809362173080444, 0.5980423092842102, 0.6484859585762024, 0.5126336812973022, 0.4333353638648987, 0.691707968711853, 0.06666142493486404, 0.4989507496356964, 0.5150512456893921, 0.5026926398277283], [0.7218060493469238, 0.6722683906555176, 0.5332881212234497, 0.6768104434013367, 0.7218782901763916, 0.6809237003326416, 0.5825300216674805, 0.48852431774139404, 0.6549064517021179, 0.6406840085983276, 0.654120922088623, 0.7021430134773254], [0.678920328617096, 0.5474098920822144, 0.5017712116241455, 0.606526255607605, 0.5986675024032593, 0.6333588361740112, 0.611789882183075, 0.6467972993850708, 0.5942720174789429, 0.5634691119194031, 0.6972468495368958, 0.6405205130577087], [0.6382174491882324, 0.5223264694213867, 0.37052440643310547, 0.8265138864517212, 0.33455824851989746, 0.33067360520362854, 0.33130353689193726, 0.47292986512184143, 0.47698184847831726, 0.5863783359527588, 0.47380727529525757, 0.5444947481155396], [0.5215346813201904, 0.7207309603691101, 0.4808180332183838, 0.5161907076835632, 0.5669373869895935, 0.4590316414833069, 0.6584197282791138, 0.5634340643882751, 0.3545876145362854, 0.5567376613616943, 0.4806540012359619, 0.6270789504051208]]}, {"text": "import torch\nimport torch.nn as nn\n\nclass Transformer(nn.Module):\n    def __init__(self, d_model, n_heads):\n        super().__init__()", "words": ["__init__(self,", "as", "class", "d_model,", "def", "import", "n_heads):", "nn", "super().__init__()", "torch", "torch.nn", "transformer(nn.module):"], "heatmap": [[0.7047625780105591, 0.5181803107261658, 0.576923668384552, 0.5833688378334045, 0.6932492256164551, 0.6568348407745361, 0.5473264455795288, 0.5334646701812744, 0.6300619840621948, 0.4650965631008148, 0.670386016368866, 0.5107360482215881], [0.7343324422836304, 0.6908682584762573, 0.7279869318008423, 0.7480329275131226, 0.6907989978790283, 0.7567461729049683, 0.46608272194862366, 0.7484182715415955, 0.6528690457344055, 0.5113268494606018, 0.7408987283706665, 0.53460294008255], [0.4862769842147827, 0.5017445683479309, 0.5937804579734802, 0.7200123071670532, 0.7188402414321899, 0.7208325862884521, 0.7419697046279907, 0.7299072742462158, 0.5650659799575806, 0.728671669960022, 0.681209921836853, 0.6706806421279907], [0.5152919292449951, 0.6322214603424072, 0.7639617323875427, 0.6456469297409058, 0.6921731233596802, 0.6153290271759033, 0.6124457716941833, 0.6746945977210999, 0.7282764911651611, 0.6762886643409729, 0.7269355058670044, 0.5685946345329285], [0.6420647501945496, 0.6865440607070923, 0.6671004295349121, 0.569104015827179, 0.9093003869056702, 0.6300533413887024, 0.6270954608917236, 0.6478651762008667, 0.6537028551101685, 0.6583350896835327, 0.6371398568153381, 0.7182298898696899], [0.6635243892669678, 0.6622958779335022, 0.6176878213882446, 0.6458765268325806, 0.7331712245941162, 0.6831523180007935, 0.6141589879989624, 0.4916640520095825, 0.7179063558578491, 0.692151665687561, 0.7011775970458984, 0.5950485467910767], [0.6207996606826782, 0.6312501430511475, 0.6851473450660706, 0.685434103012085, 0.6818897724151611, 0.6486130356788635, 0.5313363075256348, 0.632958710193634, 0.6334871649742126, 0.6204661130905151, 0.6976111531257629, 0.6295032501220703], [0.5075470209121704, 0.6679487824440002, 0.6822075843811035, 0.5733469724655151, 0.6322104930877686, 0.4712393879890442, 0.4331626892089844, 0.5960461497306824, 0.09100364148616791, 0.43722090125083923, 0.5612987875938416, 0.4695855677127838], [0.7172864675521851, 0.6487555503845215, 0.5379452109336853, 0.6200290322303772, 0.7411905527114868, 0.7000584602355957, 0.5910642147064209, 0.4734719395637512, 0.6376781463623047, 0.6609197854995728, 0.6409215331077576, 0.7162013053894043], [0.6794249415397644, 0.5911215543746948, 0.5196648836135864, 0.6503888964653015, 0.6053717136383057, 0.5874725580215454, 0.6641385555267334, 0.6234528422355652, 0.5941576361656189, 0.5604761838912964, 0.6633179187774658, 0.6512328386306763], [0.6423161029815674, 0.5544238090515137, 0.43967416882514954, 0.823966383934021, 0.34177738428115845, 0.31234270334243774, 0.3289370536804199, 0.44373172521591187, 0.4880026876926422, 0.6299979090690613, 0.5046939849853516, 0.5341691970825195], [0.5057578086853027, 0.6955680847167969, 0.45232754945755005, 0.5167735815048218, 0.5659828186035156, 0.459730863571167, 0.6643391847610474, 0.5900477170944214, 0.3457062542438507, 0.5262479782104492, 0.47683632373809814, 0.626239001750946]]}, {"text": "async function fetchData(url) {\n    const response = await fetch(url);\n    if (!response.ok) throw new Error('Network error');\n    return response.json();\n}", "words": ["(!response.ok)", "=", "async", "await", "const", "error');", "error('network", "fetch(url);", "fetchdata(url)", "function", "if", "new", "response", "response.json();", "return", "throw", "{", "}"], "heatmap": [[0.6340507864952087, 0.5761313438415527, 0.4963260293006897, 0.573204755783081, 0.6268408298492432, 0.5024786591529846, 0.6357266902923584, 0.49542853236198425, 0.7681294679641724, 0.5852576494216919, 0.641711413860321, 0.44816160202026367], [0.7136778831481934, 0.7110062837600708, 0.742693305015564, 0.709526002407074, 0.7105007171630859, 0.7245636582374573, 0.3871651291847229, 0.7636667490005493, 0.6996656656265259, 0.4744719862937927, 0.7279427647590637, 0.5801234841346741], [0.5086402893066406, 0.48050540685653687, 0.5717841386795044, 0.7073891162872314, 0.7464753985404968, 0.7453896999359131, 0.6857168674468994, 0.7307482957839966, 0.5679435133934021, 0.7072620391845703, 0.6893615126609802, 0.655000627040863], [0.48999306559562683, 0.6946711540222168, 0.7390594482421875, 0.6329967975616455, 0.6698940992355347, 0.6501268148422241, 0.697485625743866, 0.6606582403182983, 0.6919139623641968, 0.6060469150543213, 0.7448623180389404, 0.5399720668792725], [0.619924783706665, 0.693524181842804, 0.6938595175743103, 0.5622341632843018, 0.8962019681930542, 0.6734530329704285, 0.6063305139541626, 0.6524266600608826, 0.644006609916687, 0.6569941639900208, 0.6143036484718323, 0.7446669936180115], [0.6145035028457642, 0.6676395535469055, 0.6063613891601562, 0.6313484311103821, 0.6574677228927612, 0.6296085715293884, 0.6336929798126221, 0.5924412608146667, 0.7545790076255798, 0.6883454322814941, 0.7294203042984009, 0.5961253046989441], [0.5992076992988586, 0.6255525350570679, 0.7069717645645142, 0.6875437498092651, 0.6813616156578064, 0.6903704404830933, 0.5390942096710205, 0.6293219923973083, 0.6174806356430054, 0.6073650121688843, 0.6880788803100586, 0.6604018807411194], [0.4474109411239624, 0.604522705078125, 0.6779803037643433, 0.5941880345344543, 0.6775232553482056, 0.5050051808357239, 0.42950439453125, 0.6708911657333374, 0.08747079968452454, 0.5015366673469543, 0.5421413779258728, 0.5035964846611023], [0.7130518555641174, 0.6508263349533081, 0.5091574192047119, 0.6706104278564453, 0.6879148483276367, 0.6721433997154236, 0.5854836702346802, 0.520601749420166, 0.6259893178939819, 0.6409831047058105, 0.6300491690635681, 0.7402913570404053], [0.6701626777648926, 0.5471880435943604, 0.5206895470619202, 0.627241849899292, 0.6096874475479126, 0.6189572215080261, 0.6149957776069641, 0.6374260783195496, 0.6001600027084351, 0.562147319316864, 0.6876978874206543, 0.6475226879119873], [0.5730736255645752, 0.4686689078807831, 0.3492048680782318, 0.8412425518035889, 0.35116082429885864, 0.321897029876709, 0.32379329204559326, 0.5673041343688965, 0.46544378995895386, 0.5531689524650574, 0.45813262462615967, 0.4945489764213562], [0.5616610646247864, 0.700995683670044, 0.5049933195114136, 0.5138764381408691, 0.5522748827934265, 0.44218188524246216, 0.6346904039382935, 0.5570318102836609, 0.3614422082901001, 0.5781198740005493, 0.45702505111694336, 0.5942608118057251]]}, {"text": "SELECT users.name, COUNT(orders.id) AS order_count\nFROM users\nLEFT JOIN orders ON users.id = orders.user_id\nGROUP BY users.name\nHAVING order_count > 5;", "words": ["5;", "=", ">", "as", "by", "count(orders.id)", "from", "group", "having", "join", "left", "on", "order_count", "orders", "orders.user_id", "select", "users", "users.id", "users.name", "users.name,"], "heatmap": [[0.5444281101226807, 0.45461440086364746, 0.5170527100563049, 0.4711812734603882, 0.6957592964172363, 0.7007583975791931, 0.5928283333778381, 0.535589873790741, 0.5943871140480042, 0.6460509300231934, 0.6307535767555237, 0.5969669818878174], [0.7665177583694458, 0.6737130284309387, 0.7740670442581177, 0.7249341011047363, 0.709861159324646, 0.7341339588165283, 0.41122302412986755, 0.7766143679618835, 0.6724016666412354, 0.6084139347076416, 0.7491549253463745, 0.5743104219436646], [0.5443120002746582, 0.516169548034668, 0.575926661491394, 0.690772533416748, 0.698814332485199, 0.7497024536132812, 0.7243878245353699, 0.7380316853523254, 0.5799010396003723, 0.7031122446060181, 0.6838909983634949, 0.7164630889892578], [0.5161239504814148, 0.5922293663024902, 0.714184582233429, 0.7106026411056519, 0.7272152900695801, 0.6422486305236816, 0.6942880749702454, 0.6871926188468933, 0.6747404932975769, 0.7340112328529358, 0.7113343477249146, 0.5232101678848267], [0.643409013748169, 0.6348332166671753, 0.6614422798156738, 0.5498601794242859, 0.8846753835678101, 0.6839768290519714, 0.6383845806121826, 0.6456447839736938, 0.6688772439956665, 0.6688433885574341, 0.6486499309539795, 0.7230397462844849], [0.6744266748428345, 0.6801719069480896, 0.6097891926765442, 0.5980550050735474, 0.6967694759368896, 0.6616173982620239, 0.6224359273910522, 0.5421088933944702, 0.7688865661621094, 0.6719563007354736, 0.6944241523742676, 0.5677539706230164], [0.6534922122955322, 0.6660712957382202, 0.6975643634796143, 0.703762948513031, 0.6670677065849304, 0.663910448551178, 0.5061671733856201, 0.6330782175064087, 0.6687777042388916, 0.5860044360160828, 0.6862245202064514, 0.6485212445259094], [0.46379923820495605, 0.5746234059333801, 0.7119755744934082, 0.5874321460723877, 0.6666630506515503, 0.4925818145275116, 0.46109527349472046, 0.6267250180244446, 0.09080597758293152, 0.49550753831863403, 0.5472431778907776, 0.49952417612075806], [0.7115049362182617, 0.6726151704788208, 0.5442638397216797, 0.6628990173339844, 0.712157130241394, 0.6834977269172668, 0.5544193387031555, 0.4595242738723755, 0.6458759307861328, 0.6308854818344116, 0.6618801951408386, 0.7169796228408813], [0.6644353866577148, 0.5530164837837219, 0.5306769609451294, 0.6315729022026062, 0.6144557595252991, 0.6107470989227295, 0.6354364156723022, 0.6440160274505615, 0.5754561424255371, 0.5720531940460205, 0.6786611080169678, 0.6406352519989014], [0.651475191116333, 0.5439779758453369, 0.3930467367172241, 0.7948235273361206, 0.3464488983154297, 0.3484829068183899, 0.3152756989002228, 0.46483203768730164, 0.47384247183799744, 0.6056492924690247, 0.4768577218055725, 0.5795143842697144], [0.5389548540115356, 0.6695035696029663, 0.49731364846229553, 0.5567024946212769, 0.5362274646759033, 0.4080411195755005, 0.6284345984458923, 0.5421825051307678, 0.37870773673057556, 0.5888298749923706, 0.4607693552970886, 0.5746589303016663]]}, {"text": "fn main() {\n    let mut vec: Vec<i32> = Vec::new();\n    for i in 0..10 {\n        vec.push(i * i);\n    }\n    println!(\"{:?}\", vec);\n}", "words": ["*", "0..10", "=", "fn", "for", "i", "i);", "in", "let", "main()", "mut", "println!(\"{:?}\",", "vec);", "vec.push(i", "vec:", "vec::new();", "vec<i32>", "{", "}"], "heatmap": [[0.7288476228713989, 0.5222069621086121, 0.5287935137748718, 0.597405195236206, 0.6703227758407593, 0.6276136636734009, 0.6040081977844238, 0.5057786703109741, 0.6206240653991699, 0.49812379479408264, 0.6653730869293213, 0.49554353952407837], [0.7309054732322693, 0.6926087141036987, 0.7502869367599487, 0.6705061197280884, 0.7401701211929321, 0.7083598375320435, 0.449015736579895, 0.8105144500732422, 0.6887194514274597, 0.5467792749404907, 0.7278149724006653, 0.5620220899581909], [0.558985710144043, 0.4838208556175232, 0.5654594898223877, 0.6250223517417908, 0.7046337127685547, 0.7643358111381531, 0.747243344783783, 0.725792407989502, 0.5494495034217834, 0.6985083818435669, 0.6581133604049683, 0.6710995435714722], [0.5234652757644653, 0.7041523456573486, 0.7183308601379395, 0.6817753314971924, 0.6633715033531189, 0.6355688571929932, 0.6634055376052856, 0.6581277847290039, 0.7324525117874146, 0.6214442849159241, 0.7718640565872192, 0.5327311754226685], [0.6230711340904236, 0.6810327768325806, 0.668366551399231, 0.599898099899292, 0.8908382654190063, 0.6474258303642273, 0.6186018586158752, 0.6564024686813354, 0.6491497755050659, 0.6435705423355103, 0.6321191787719727, 0.7457171678543091], [0.6622034907341003, 0.6327089071273804, 0.5763794183731079, 0.5840553045272827, 0.6931491494178772, 0.6445045471191406, 0.654053807258606, 0.5124526023864746, 0.7390093803405762, 0.6285368800163269, 0.729364275932312, 0.6048281192779541], [0.5475522875785828, 0.6494108438491821, 0.6916007995605469, 0.6951786875724792, 0.6923766136169434, 0.6791678071022034, 0.5456302165985107, 0.6685727834701538, 0.6221858263015747, 0.6053947806358337, 0.6677172183990479, 0.6543882489204407], [0.4812970757484436, 0.6761929988861084, 0.6571005582809448, 0.581489622592926, 0.6363848447799683, 0.4685359001159668, 0.46632638573646545, 0.6257544755935669, 0.09958459436893463, 0.4787374436855316, 0.5548886060714722, 0.46764254570007324], [0.7032839059829712, 0.6623373031616211, 0.5123393535614014, 0.6720724105834961, 0.7121485471725464, 0.6808167099952698, 0.5681484937667847, 0.516972541809082, 0.6207113862037659, 0.6430344581604004, 0.622519850730896, 0.7478766441345215], [0.6820363998413086, 0.5878260731697083, 0.516677975654602, 0.6351394653320312, 0.625163197517395, 0.6004354953765869, 0.631196141242981, 0.6181725263595581, 0.5830889940261841, 0.5611555576324463, 0.679847240447998, 0.6382323503494263], [0.6285407543182373, 0.5134857296943665, 0.3610391914844513, 0.8246265649795532, 0.3319661617279053, 0.3127914071083069, 0.33804136514663696, 0.44893375039100647, 0.4926680624485016, 0.5803683996200562, 0.4582483172416687, 0.5519325733184814], [0.5298352241516113, 0.7255358695983887, 0.46413010358810425, 0.5047808885574341, 0.5530812740325928, 0.4803369641304016, 0.6708499789237976, 0.5757696628570557, 0.35720425844192505, 0.5084655284881592, 0.4610678255558014, 0.6196284890174866]]}, {"text": "#!/bin/bash\nfor file in *.txt; do\n    echo \"Processing $file\"\n    wc -l \"$file\"\ndone", "words": ["\"$file\"", "\"processing", "#!/bin/bash", "$file\"", "*.txt;", "-l", "do", "done", "echo", "file", "for", "in", "wc"], "heatmap": [[0.6165919303894043, 0.47641855478286743, 0.5190553069114685, 0.6111756563186646, 0.6418382525444031, 0.6750968098640442, 0.6072506904602051, 0.5839197635650635, 0.5613521337509155, 0.5391553044319153, 0.7334561944007874, 0.4217780828475952], [0.70120769739151, 0.7215113639831543, 0.7683589458465576, 0.6684560775756836, 0.7374168634414673, 0.7103523015975952, 0.4249206781387329, 0.7908926010131836, 0.6761577129364014, 0.49042853713035583, 0.7303389310836792, 0.6219565272331238], [0.5418511629104614, 0.4573361873626709, 0.5534862279891968, 0.7198794484138489, 0.725127637386322, 0.7400306463241577, 0.6919637322425842, 0.7691846489906311, 0.5453523397445679, 0.6960769295692444, 0.6944757699966431, 0.692739725112915], [0.48620739579200745, 0.661767840385437, 0.716268002986908, 0.6868142485618591, 0.6258699297904968, 0.6055483818054199, 0.6818678379058838, 0.7065184712409973, 0.723229706287384, 0.5989035367965698, 0.727944016456604, 0.5001824498176575], [0.6412298083305359, 0.6763492822647095, 0.6736654043197632, 0.5873662233352661, 0.8937464952468872, 0.6618925333023071, 0.6463456749916077, 0.6543782949447632, 0.6559062004089355, 0.6503802537918091, 0.6165526509284973, 0.7163922786712646], [0.6627727746963501, 0.6513824462890625, 0.6007381081581116, 0.6264142990112305, 0.6595630645751953, 0.6451992392539978, 0.6201233863830566, 0.5192203521728516, 0.7127608060836792, 0.6892697811126709, 0.72142493724823, 0.6001290082931519], [0.6223551630973816, 0.6243860125541687, 0.7287340760231018, 0.7185481786727905, 0.6772655248641968, 0.6551852226257324, 0.5511982440948486, 0.6291561722755432, 0.6281194686889648, 0.6100592613220215, 0.6774419546127319, 0.6461243629455566], [0.4696328938007355, 0.6221225261688232, 0.6679713726043701, 0.5754562616348267, 0.6516228914260864, 0.5073280930519104, 0.40552958846092224, 0.6494176387786865, 0.08644475042819977, 0.46632248163223267, 0.544079065322876, 0.5025580525398254], [0.7212139368057251, 0.6685020923614502, 0.5191458463668823, 0.6814621686935425, 0.7088601589202881, 0.6860454082489014, 0.545038640499115, 0.5272680521011353, 0.6093282699584961, 0.6792688369750977, 0.6219817399978638, 0.7273077964782715], [0.694977343082428, 0.5818847417831421, 0.4906920790672302, 0.6375418305397034, 0.6114583015441895, 0.6196969747543335, 0.6205182075500488, 0.6276487112045288, 0.5911548137664795, 0.560992956161499, 0.6667685508728027, 0.6553941965103149], [0.6448180675506592, 0.526079535484314, 0.3851606547832489, 0.8076354265213013, 0.3557949662208557, 0.3632259964942932, 0.30520501732826233, 0.5107975602149963, 0.45919549465179443, 0.5923784971237183, 0.47413381934165955, 0.5533950924873352], [0.5565687417984009, 0.7199550867080688, 0.48938557505607605, 0.5270734429359436, 0.5603065490722656, 0.4539523422718048, 0.6244199275970459, 0.577599287033081, 0.34498411417007446, 0.5385444164276123, 0.45240411162376404, 0.5917370319366455]]}, {"text": "class BinaryTree:\n    def __init__(self, val):\n        self.val = val\n        self.left = None\n        self.right = None\n    def insert(self, val):\n        if val < self.val:\n            if self.left: self.left.insert(val)\n            else: self.left = BinaryTree(val)", "words": ["<", "=", "__init__(self,", "binarytree(val)", "binarytree:", "class", "def", "else:", "if", "insert(self,", "none", "self.left", "self.left.insert(val)", "self.left:", "self.right", "self.val", "self.val:", "val", "val):"], "heatmap": [[0.7057653069496155, 0.5542472004890442, 0.5726248621940613, 0.6292008757591248, 0.6031021475791931, 0.5890472531318665, 0.6209781765937805, 0.6292641758918762, 0.6430729627609253, 0.44881099462509155, 0.6232559680938721, 0.4704379439353943], [0.6482551097869873, 0.7707409262657166, 0.645947277545929, 0.6476575136184692, 0.7953625917434692, 0.6735857129096985, 0.4564245343208313, 0.6891113519668579, 0.7261936068534851, 0.4562637209892273, 0.6721348166465759, 0.5296241044998169], [0.5190515518188477, 0.4742480218410492, 0.5466808080673218, 0.6568472385406494, 0.7745789289474487, 0.6842498779296875, 0.7228898406028748, 0.7466751933097839, 0.49449554085731506, 0.6211464405059814, 0.6456428170204163, 0.6595231294631958], [0.5262186527252197, 0.6887304186820984, 0.7323564887046814, 0.6206792593002319, 0.6071430444717407, 0.6031301021575928, 0.7196336984634399, 0.6115144491195679, 0.7169188261032104, 0.6208254098892212, 0.7524517774581909, 0.599909245967865], [0.6290367245674133, 0.652370274066925, 0.7276329398155212, 0.5305671691894531, 0.9086034297943115, 0.6902004480361938, 0.6246088743209839, 0.6375308632850647, 0.582878589630127, 0.7055429816246033, 0.649378776550293, 0.7630988359451294], [0.6772263050079346, 0.6160894632339478, 0.6018075942993164, 0.6193356513977051, 0.6573850512504578, 0.6548705101013184, 0.6224807500839233, 0.5380858182907104, 0.6964843273162842, 0.6629949808120728, 0.7428268790245056, 0.6103991270065308], [0.5370258092880249, 0.6436190605163574, 0.6776630878448486, 0.6991473436355591, 0.740810751914978, 0.7211757898330688, 0.4798726439476013, 0.6311469674110413, 0.6254227161407471, 0.6092905402183533, 0.68451988697052, 0.6526914238929749], [0.46266210079193115, 0.5860655307769775, 0.6794122457504272, 0.5817180871963501, 0.6644999980926514, 0.5087134838104248, 0.4190487265586853, 0.6401332020759583, 0.08321855962276459, 0.47925281524658203, 0.5321699380874634, 0.5021693706512451], [0.7169371247291565, 0.6669647693634033, 0.5430688261985779, 0.6672741174697876, 0.727441668510437, 0.6778653264045715, 0.568375825881958, 0.4609793424606323, 0.6216481328010559, 0.678291380405426, 0.6142086982727051, 0.7152129411697388], [0.6990059614181519, 0.5805251598358154, 0.5056415796279907, 0.6310137510299683, 0.6337653398513794, 0.602130651473999, 0.6509813070297241, 0.6299744844436646, 0.5960142016410828, 0.5684937238693237, 0.674263060092926, 0.6164453029632568], [0.7046736478805542, 0.5437451004981995, 0.3780784010887146, 0.8079607486724854, 0.3470779359340668, 0.38662174344062805, 0.3180243968963623, 0.46329909563064575, 0.4482339024543762, 0.5994728803634644, 0.47668159008026123, 0.5767768025398254], [0.49163496494293213, 0.6952203512191772, 0.44896793365478516, 0.5317705273628235, 0.5382630228996277, 0.4452016055583954, 0.6780853271484375, 0.5755404829978943, 0.36021989583969116, 0.5294049382209778, 0.4574972987174988, 0.6404522657394409]]}, {"text": "const express = require('express');\nconst app = express();\napp.get('/api/users', async (req, res) => {\n    const users = await db.query('SELECT * FROM users');\n    res.json(users);\n});", "words": ["(req,", "*", "=", "=>", "app", "app.get('/api/users',", "async", "await", "const", "db.query('select", "express", "express();", "from", "require('express');", "res)", "res.json(users);", "users", "users');", "{", "});"], "heatmap": [[0.682579755783081, 0.47999149560928345, 0.5747978687286377, 0.5327528715133667, 0.6341820359230042, 0.602292537689209, 0.6363242864608765, 0.4167826473712921, 0.7088329792022705, 0.5685198903083801, 0.65516197681427, 0.5182540416717529], [0.720927357673645, 0.6854928731918335, 0.7865806818008423, 0.7003132104873657, 0.733618974685669, 0.7397589683532715, 0.38573217391967773, 0.7878344655036926, 0.6763002872467041, 0.5360649824142456, 0.7394890189170837, 0.6277725100517273], [0.5267431735992432, 0.4860796630382538, 0.6442187428474426, 0.6917251348495483, 0.7125629782676697, 0.7780104875564575, 0.7098983526229858, 0.7428722381591797, 0.5546776652336121, 0.7124472260475159, 0.6989192962646484, 0.6642677783966064], [0.4426823854446411, 0.6522784233093262, 0.6817915439605713, 0.6144037246704102, 0.6987833380699158, 0.6632811427116394, 0.706217885017395, 0.6687719821929932, 0.7088406085968018, 0.6654052138328552, 0.7540719509124756, 0.4885224997997284], [0.625289797782898, 0.6446983814239502, 0.6961624622344971, 0.5535264015197754, 0.8861439824104309, 0.6481689214706421, 0.6224147081375122, 0.6338106989860535, 0.679032564163208, 0.679421067237854, 0.6253770589828491, 0.7446091175079346], [0.6393258571624756, 0.6965423822402954, 0.6103593111038208, 0.6028667688369751, 0.6886056065559387, 0.6548258066177368, 0.5991477370262146, 0.5400673151016235, 0.7443401217460632, 0.6872075796127319, 0.7254802584648132, 0.5710654258728027], [0.6454678773880005, 0.655117392539978, 0.739960789680481, 0.6854449510574341, 0.6932018995285034, 0.6478688716888428, 0.5676202178001404, 0.5837303400039673, 0.6541013717651367, 0.6088070273399353, 0.648810863494873, 0.6688210964202881], [0.463121622800827, 0.6961904764175415, 0.6430929899215698, 0.5836840867996216, 0.6680039763450623, 0.44881099462509155, 0.45742833614349365, 0.6338571310043335, 0.10576550662517548, 0.48887398838996887, 0.5630631446838379, 0.4650270342826843], [0.7315523624420166, 0.648147463798523, 0.5176131725311279, 0.6754817962646484, 0.7120089530944824, 0.6828874945640564, 0.5909162163734436, 0.5019127726554871, 0.6127218008041382, 0.6699491143226624, 0.6156052947044373, 0.7411034107208252], [0.678127646446228, 0.5420004725456238, 0.5226912498474121, 0.6389474868774414, 0.6322852373123169, 0.6158685088157654, 0.6277737021446228, 0.625855565071106, 0.6100192666053772, 0.5574347972869873, 0.6780427694320679, 0.6475764513015747], [0.5799962282180786, 0.5212293863296509, 0.3629920482635498, 0.8359839916229248, 0.33829671144485474, 0.33144089579582214, 0.33431217074394226, 0.5411616563796997, 0.46733227372169495, 0.5768243670463562, 0.49558448791503906, 0.5287642478942871], [0.5051019191741943, 0.7311622500419617, 0.42887082695961, 0.5195037126541138, 0.53269362449646, 0.4725314676761627, 0.6923834085464478, 0.5798419713973999, 0.35342156887054443, 0.5141313076019287, 0.5132559537887573, 0.6357900500297546]]}, {"text": "#include <stdio.h>\nint fibonacci(int n) {\n    if (n <= 1) return n;\n    return fibonacci(n-1) + fibonacci(n-2);\n}\nint main() { printf(\"%d\", fibonacci(10)); }", "words": ["#include", "(n", "+", "1)", "<=", "<stdio.h>", "fibonacci(10));", "fibonacci(int", "fibonacci(n-1)", "fibonacci(n-2);", "if", "int", "main()", "n)", "n;", "printf(\"%d\",", "return", "{", "}"], "heatmap": [[0.7215738296508789, 0.5459033250808716, 0.4735095798969269, 0.5695182085037231, 0.6598000526428223, 0.5537247061729431, 0.6087339520454407, 0.5278555154800415, 0.6007640361785889, 0.6125266551971436, 0.6056990623474121, 0.5066078901290894], [0.7323212623596191, 0.7085021138191223, 0.7632453441619873, 0.696519136428833, 0.7361624836921692, 0.732539176940918, 0.4321000277996063, 0.7617175579071045, 0.6734713315963745, 0.5659165382385254, 0.745073139667511, 0.5795535445213318], [0.5524117350578308, 0.5019060969352722, 0.5882604122161865, 0.6608320474624634, 0.7028744220733643, 0.7560808658599854, 0.6871446371078491, 0.7332951426506042, 0.5723584890365601, 0.6806451678276062, 0.6875171661376953, 0.67538982629776], [0.5056591629981995, 0.6716535091400146, 0.7076716423034668, 0.6804787516593933, 0.6537554264068604, 0.6226350665092468, 0.7035084962844849, 0.716406524181366, 0.7114763855934143, 0.6235556602478027, 0.7541599273681641, 0.5502963066101074], [0.6310058236122131, 0.6865589618682861, 0.6857864856719971, 0.5683890581130981, 0.9050301313400269, 0.6277037858963013, 0.6269108653068542, 0.6686482429504395, 0.6322399377822876, 0.6500652432441711, 0.6141853928565979, 0.7240918874740601], [0.6464300155639648, 0.6468122005462646, 0.6006518602371216, 0.6353489756584167, 0.6607632637023926, 0.6063722372055054, 0.6207765340805054, 0.5651461482048035, 0.7355356216430664, 0.67792809009552, 0.7194932699203491, 0.5936552286148071], [0.5970487594604492, 0.62507563829422, 0.6991502046585083, 0.7074190378189087, 0.6799743175506592, 0.6803369522094727, 0.5577210187911987, 0.6234561800956726, 0.6523898839950562, 0.6377058029174805, 0.6728882193565369, 0.6638102531433105], [0.4910079836845398, 0.5931278467178345, 0.6644541025161743, 0.5831719040870667, 0.613698422908783, 0.4835931956768036, 0.45470279455184937, 0.6732394695281982, 0.08450981974601746, 0.49746865034103394, 0.5497449040412903, 0.49027904868125916], [0.7338839173316956, 0.6471116542816162, 0.5302370190620422, 0.6671321392059326, 0.6993091106414795, 0.6712659597396851, 0.5577939748764038, 0.4959748089313507, 0.6085035800933838, 0.655133843421936, 0.6506853103637695, 0.7224786281585693], [0.6661196351051331, 0.5809626579284668, 0.49983835220336914, 0.6362377405166626, 0.5705697536468506, 0.6085748076438904, 0.65171217918396, 0.6344482898712158, 0.5562587976455688, 0.5546241998672485, 0.676167368888855, 0.664460301399231], [0.657252311706543, 0.4962576627731323, 0.36511653661727905, 0.8308610916137695, 0.332904577255249, 0.2980988919734955, 0.3104422092437744, 0.475601464509964, 0.4492199122905731, 0.5505887866020203, 0.4623669981956482, 0.49232953786849976], [0.5367941856384277, 0.7018814086914062, 0.4314166307449341, 0.5263500213623047, 0.5517978668212891, 0.4476110637187958, 0.6471308469772339, 0.6230217814445496, 0.35349181294441223, 0.5005091428756714, 0.4662364721298218, 0.5804987549781799]]}, {"text": "import React, { useState, useEffect } from 'react';\nconst App = () => {\n    const [data, setData] = useState([]);\n    useEffect(() => { fetch('/api').then(r => r.json()).then(setData); }, []);\n    return <div>{data.map(item => <p key={item.id}>{item.name}</p>)}</div>;\n};", "words": ["'react';", "()", "<div>{data.map(item", "<p", "=", "=>", "[]);", "[data,", "app", "const", "fetch('/api').then(r", "from", "import", "key={item.id}>{item.name}</p>)}</div>;", "r.json()).then(setdata);", "react,", "return", "setdata]", "useeffect", "useeffect(()", "usestate([]);", "usestate,", "{", "}", "},", "};"], "heatmap": [[0.7102808952331543, 0.4436075687408447, 0.5781177878379822, 0.5060282349586487, 0.6795704960823059, 0.5801826119422913, 0.6462763547897339, 0.5497763156890869, 0.6919088363647461, 0.5222014784812927, 0.6093549728393555, 0.48631298542022705], [0.7177965641021729, 0.6925675868988037, 0.7847275137901306, 0.7141609191894531, 0.7158252000808716, 0.7133979797363281, 0.387522429227829, 0.7605258822441101, 0.6615899801254272, 0.5260613560676575, 0.7529436349868774, 0.6018009185791016], [0.5251989364624023, 0.49331414699554443, 0.5874765515327454, 0.6567337512969971, 0.7180333733558655, 0.7498077750205994, 0.7263420820236206, 0.7254595756530762, 0.6153523325920105, 0.7241654396057129, 0.6724079251289368, 0.6838669180870056], [0.4872491955757141, 0.6799855828285217, 0.703988254070282, 0.634406566619873, 0.6403483152389526, 0.6133713722229004, 0.7183221578598022, 0.6597021818161011, 0.707995593547821, 0.6814476251602173, 0.743943452835083, 0.5032346248626709], [0.5902533531188965, 0.6514636278152466, 0.692804217338562, 0.5576075911521912, 0.8869433999061584, 0.6979947090148926, 0.6329524517059326, 0.6459612846374512, 0.6447169184684753, 0.6691159009933472, 0.6390262842178345, 0.7253610491752625], [0.6454225778579712, 0.665835976600647, 0.5907984375953674, 0.6101049780845642, 0.65797358751297, 0.5972456932067871, 0.6488782167434692, 0.574001669883728, 0.787539005279541, 0.6491677761077881, 0.7203530669212341, 0.5781866908073425], [0.6187522411346436, 0.6233288049697876, 0.7245986461639404, 0.6887955665588379, 0.7003859281539917, 0.6905251741409302, 0.49393290281295776, 0.6013582944869995, 0.6723266839981079, 0.5983813405036926, 0.712169885635376, 0.6512039303779602], [0.4247884750366211, 0.5392698645591736, 0.6062596440315247, 0.5696965456008911, 0.6569619178771973, 0.5804210305213928, 0.4020950198173523, 0.5942260026931763, 0.09701146185398102, 0.5164022445678711, 0.49640971422195435, 0.529062032699585], [0.7332956194877625, 0.6417539119720459, 0.5382900238037109, 0.6778756380081177, 0.7055788636207581, 0.7050087451934814, 0.564167320728302, 0.4664136469364166, 0.6293549537658691, 0.6534895300865173, 0.6338412761688232, 0.7417951822280884], [0.680809736251831, 0.58123379945755, 0.5214709043502808, 0.6630899906158447, 0.6422115564346313, 0.6191344261169434, 0.6384440660476685, 0.6365636587142944, 0.6399447917938232, 0.5565292835235596, 0.6790319681167603, 0.6099966764450073], [0.6266181468963623, 0.5744556188583374, 0.37443891167640686, 0.8223509192466736, 0.34752434492111206, 0.3946646451950073, 0.3318171501159668, 0.5304324626922607, 0.44961676001548767, 0.6136071681976318, 0.5212442874908447, 0.5857053995132446], [0.5521543025970459, 0.6798428297042847, 0.477112352848053, 0.5698030591011047, 0.4783434271812439, 0.37395623326301575, 0.6268495321273804, 0.5309360027313232, 0.3723700940608978, 0.5679025650024414, 0.4423306882381439, 0.6192069053649902]]}, {"text": "def merge_sort(arr):\n    if len(arr) <= 1:\n        return arr\n    mid = len(arr) // 2\n    left = merge_sort(arr[:mid])\n    right = merge_sort(arr[mid:])\n    return merge(left, right)", "words": ["//", "1:", "2", "<=", "=", "arr", "def", "if", "left", "len(arr)", "merge(left,", "merge_sort(arr):", "merge_sort(arr[:mid])", "merge_sort(arr[mid:])", "mid", "return", "right", "right)"], "heatmap": [[0.6271518468856812, 0.6216238141059875, 0.4981656074523926, 0.6272799968719482, 0.6505491137504578, 0.5397762060165405, 0.6117972135543823, 0.5763930082321167, 0.6626125574111938, 0.5177872180938721, 0.6231921315193176, 0.4674723148345947], [0.6351587772369385, 0.7066808938980103, 0.707435131072998, 0.6834559440612793, 0.7490610480308533, 0.7286166548728943, 0.46856608986854553, 0.7942190170288086, 0.743828535079956, 0.46828946471214294, 0.6759432554244995, 0.5361140966415405], [0.5018587112426758, 0.4669927954673767, 0.5568796396255493, 0.6361815333366394, 0.7214033603668213, 0.7608480453491211, 0.6985668540000916, 0.7232164144515991, 0.5644519925117493, 0.6757431030273438, 0.693382978439331, 0.6546719074249268], [0.5083522796630859, 0.6604955196380615, 0.7584079504013062, 0.6157792806625366, 0.694754958152771, 0.615932285785675, 0.6871694922447205, 0.6303155422210693, 0.723393440246582, 0.6455560922622681, 0.7288583517074585, 0.5142979621887207], [0.6324870586395264, 0.6596910953521729, 0.6699376106262207, 0.5962318778038025, 0.9024190902709961, 0.627088189125061, 0.6248420476913452, 0.6444293260574341, 0.6217987537384033, 0.6414795517921448, 0.6152439117431641, 0.7173868417739868], [0.6439661979675293, 0.6059706211090088, 0.6124781370162964, 0.64341801404953, 0.6775967478752136, 0.6624985337257385, 0.6172789335250854, 0.5595539808273315, 0.703629195690155, 0.6413828134536743, 0.7338896989822388, 0.6048034429550171], [0.5430833101272583, 0.6215616464614868, 0.6773026585578918, 0.7110543251037598, 0.6740626692771912, 0.7057209014892578, 0.568866491317749, 0.6286574006080627, 0.6371967196464539, 0.6506510972976685, 0.6475224494934082, 0.6658718585968018], [0.4675145149230957, 0.5454678535461426, 0.6988784670829773, 0.5855568647384644, 0.6461301445960999, 0.5143028497695923, 0.43826794624328613, 0.6627463102340698, 0.08051487058401108, 0.49535566568374634, 0.5388364791870117, 0.5114887356758118], [0.7387748956680298, 0.6666237115859985, 0.5542675256729126, 0.6753096580505371, 0.7206676602363586, 0.6663827300071716, 0.5616638660430908, 0.5063821077346802, 0.6183198690414429, 0.6431595087051392, 0.6468797922134399, 0.7187801599502563], [0.6795818209648132, 0.5651624798774719, 0.5114669799804688, 0.6335957050323486, 0.6154187917709351, 0.6253710389137268, 0.6307868957519531, 0.6351757049560547, 0.6047704815864563, 0.5551077127456665, 0.6914412975311279, 0.6514397263526917], [0.6434678435325623, 0.5404642820358276, 0.38136380910873413, 0.8162761926651001, 0.344404935836792, 0.3501325249671936, 0.3157321810722351, 0.4988032579421997, 0.45541125535964966, 0.5907779335975647, 0.48981577157974243, 0.5476387739181519], [0.5238388776779175, 0.7117043137550354, 0.4504779577255249, 0.5422157049179077, 0.5676363706588745, 0.46023669838905334, 0.6474846601486206, 0.6070120334625244, 0.3550114035606384, 0.5116162300109863, 0.45221298933029175, 0.5766088962554932]]}, {"text": "CREATE TABLE products (\n    id SERIAL PRIMARY KEY,\n    name VARCHAR(255) NOT NULL,\n    price DECIMAL(10, 2),\n    created_at TIMESTAMP DEFAULT NOW()\n);", "words": ["(", ");", "2),", 